******************************************
*   Motor Rate Values File: 14/12/2015   *
******************************************

14/12/2015 09:28:17

20301032

129988

99068

83532

73840

66928

61744

57600

54280

51516

49196

47188

45424

43880

42500

41284

40176

39144

38192

37312

36500

35752

35056

34408

33784

33184

32624

32092

31600

31128

30680

30252

29848

29460

29092

28728

28388

28056

27740

27444

27152

26872

26616

26356

26112

25868

25616

25392

25180

24960

24744

24528

24320

24124

23940

23772

23604

23420

23244

23092

22916

22764

22612

22456

22308

22168

22024

21892

21752

21624

21496

21368

21248

21128

21012

20896

20784

20672

20564

20460

20356

20256

20156

20056

19960

19868

19780

19688

19608

19516

19436

19348

19268

19188

19104

19028

18948

18876

18796

18728

18660

18588

18520

18452

18384

18316

18252

18180

18120

18056

17996

17932

17880

17820

17764

17712

17660

17608

17556

17504

17456

17408

17360

17308

17264

17212

17168

17120

17076

17028

16984

16940

16892

16848

16804

16760

16716

16672

16628

16588

16548

16504

16468

16424

16388

16344

16300

16264

16220

16184

16144

16112

16080

16040

16008

15976

15940

15904

15872

15840

15804

15776

15740

15708

15680

15644

15616

15588

15556

15524

15500

15468

15440

15416

15384

15360

15332

15304

15280

15256

15224

15192

15168

15140

15108

15080

15052

15024

15000

14968

14944

14916

14888

14864

14836

14812

14788

14764

14736

14716

14692

14672

14648

14624

14608

14584

4100

10464

14544

14528

14508

14488

14468

14452

14432

14416

14396

14384

14368

14348

14336

14320

14304

14288

14272

14264

14248

14232

14224

14208

14196

14180

14172

14160

14152

14136

14128

14112

14104

14092

14084

14068

14064

14048

14044

14032

14020

14012

14004

13996

13984

13976

13972

13960

13956

13944

13940

13932

13924

13916

13908

13904

13896

13888

13884

13880

13868

13868

13856

13852

13848

13844

13836

13832

13828

13824

13820

13812

13812

13804

13800

13800

13792

13792

13788

13780

13780

13780

13772

13768

13768

13764

13760

13760

13756

13752

13752

13748

13744

13744

13740

13740

13740

13736

13736

13732

13732

13728

13732

13728

13724

13728

13724

13724

13724

13724

13720

13724

13720

13720

13716

13716

13716

13720

13716

13716

13716

13716

13712

13716

13716

13716

13716

13716

13716

13716

13716

13720

13720

13720

13720

13724

13724

13724

13728

13728

13728

13728

13732

13732

13736

13736

13740

13736

13740

13744

13744

13744

13748

13748

13752

13752

13756

13756

13760

13764

13764

13768

13768

13772

13776

13780

13784

13784

13788

13788

13796

13796

13796

13804

13804

13808

13812

13812

13820

13824

13824

13832

13832

13836

13844

13844

13852

13856

13856

13864

13868

13868

13876

13884

13884

13888

13892

13900

13904

13908

13912

13916

13920

13928

13932

13940

13940

13948

13952

13956

13964

13964

13976

13976

13984

13988

13996

14004

14004

14012

14020

14024

14028

14036

14044

14044

14056

14060

14068

14072

14080

14088

14092

14096

14108

14112

14116

14128

14132

14136

14148

14152

14160

14168

14176

14180

14192

14196

14204

14208

14220

14228

14232

14240

14248

14256

14264

14272

14280

14288

14296

14304

14308

14320

14328

14336

14344

14352

14360

14368

14380

14384

14396

14400

14412

14420

14428

14436

14448

14456

14464

14472

14480

14492

14500

14508

14520

14528

14536

14544

14556

14564

14576

14584

14596

14604

14612

14624

14632

14644

14656

14660

14676

14684

14692

14704

14716

14724

14736

14744

14756

14768

14776

14788

14800

14808

14824

14828

14844

14852

14868

14876

14888

14896

14912

14920

14932

14948

14956

14968

14980

14992

15004

15016

15028

15036

15048

15064

15072

15084

15096

15104

15120

15128

15140

15148

15160

15172

15180

15188

15200

15212

15220

15228

15240

15248

15256

15264

15276

15284

15292

15300

15308

15316

15324

15332

15340

15348

15356

15360

15372

15376

15380

15392

15396

15404

15408

15416

15424

15428

15432

15440

15444

15452

15452

15464

15464

15472

15476

15480

15484

15488

15492

15496

15504

15504

15508

15516

15516

15520

15520

15524

15528

15532

15532

15536

15536

15536

15540

15540

15544

15544

15548

15544

15548

15552

15548

15552

15552

15552

15552

15552

15556

15556

15552

15556

15556

15556

15556

15556

15556

15556

15556

15552

15552

15552

15552

15548

15544

15548

15544

15540

15536

15532

15532

15528

15520

15516

15516

15508

15504

15500

15496

15496

15488

15488

15480

15480

15476

15472

15468

15464

15464

15456

15452

15448

15444

15432

15428

15424

15412

15408

15400

15392

15384

15376

15372

15364

15352

15348

15340

15328

15324

15316

15308

15300

15292

15280

15276

15268

15260

15252

15240
14/12/2015 10:28:46

55846876

125196

96844

82244

72932

66328

61324

57376

54156

51440

49176

47224

45484

43936

42548

41296

40156

39120

38172

37288

36476

35716

35012

34360

33748

33168

32620

32104

31620

31164

30732

30324

29928

29552

29188

28844

28516

28200

27896

27608

27328

27048

26788

26536

26288

26044

25824

25596

25372

25156

24964

24784

24612

24440

24272

24112

23940

23764

23596

23436

23292

23132

22980

22840

22692

22560

22416

22288

22156

22028

21900

21780

21656

21540

21424

21304

21192

21084

20972

20868

20768

20668

20564

20472

20372

20280

20184

20096

20008

19920

19840

19752

19676

19592

19520

19440

19360

19284

19212

19136

19064

18996

18924

18856

18788

18724

18660

18592

18528

18468

18408

18344

18284

18224

18164

18104

18036

17968

17900

17832

17772

17704

17644

17580

17520

17464

17396

17340

17284

17224

17172

17116

17056

17008

16952

16900

16848

16796

16748

16696

16644

16600

16548

16504

16456

16408

16360

16316

16272

16224

16184

16136

16100

16052

16012

15972

15928

15892

15848

15812

15768

15732

15696

15656

15616

15584

15544

15508

15472

15436

15400

15368

15332

15296

15264

15232

15196

15164

15132

15096

15068

15036

15000

14976

14940

14912

14880

14852

14824

14796

14768

14740

14716

14688

14660

14636

14612

14588

14564

14536

14520

14492

14472

14448

14428

14408

14384

14368

14348

14324

14308

14292

14268

14252

14236

14216

14200

14180

14164

14148

14132

14116

14100

14084

14068

14056

14040

14024

14008

13996

13980

13964

13952

13940

13928

13912

13900

13888

13872

13864

13852

13840

13824

13816

13808

13792

13784

13776

13760

13756

13744

13732

13724

13712

13704

13696

13688

13680

13668

13664

13652

13644

13636

13628

13624

13612

13608

13596

13596

13584

13580

13572

13564

13564

13552

13552

13544

13540

13536

13528

13524

13524

13516

13512

13508

13508

13512

13524

13524

13524

13520

13520

13520

13516

13512

13516

13512

13512

13508

13512

13508

13512

13508

13508

13508

13508

13508

13512

13508

13504

13508

13508

13508

13508

13508

13508

13508

13508

13512

13512

13512

13512

13508

13512

13512

13516

13512

13516

13516

13516

13516

13520

13520

13524

13524

13528

13532

13528

13536

13536

13536

13552

13552

13556

13564

13564

13572

13572

13576

13588

13580

13588

13596

13596

13600

13604

13612

13612

13616

13624

13624

13632

13636

13640

13644

13648

13652

13660

13660

13672

13672

13684

13708

13716

13736

13752

13768

13784

13800

13812

13812

13816

13824

13824

13836

13840

13844

13848

13856

13860

13864

13868

13876

13880

13888

13892

13896

13904

13908

13916

13920

13928

13932

13940

13944

13960

13964

13972

13976

13984

13996

14012

14028

14048

14056

14060

14068

14072

14080

14084

14088

14096

14100

14108

14120

14124

14136

14156

14172

14192

14204

14220

14236

14248

14260

14272

14288

14296

14304

14316

14324

14340

14348

14364

14368

14384

14396

14408

14416

14428

14444

14464

14468

14484

14504

14520

14532

14556

14568

14580

14588

14600

14612

14632

14648

14664

14688

14704

14720

14740

14752

14776

14788

14800

14816

14828

14832

14852

14860

14876

14896

14908

14928

14948

14956

14964

14972

14984

14996

15004

15016
07/05/2020 17:56:46

07/05/2020 19:08:33

07/05/2020 21:04:10

07/05/2020 21:11:40

